
    0.000000,     0.900000,     1.800000,     2.700000,     3.600000,     4.500000,     5.400000,     6.300000,     7.200000,     8.100000,     9.000000,    0.00000000       1.79999995       1.79999995       3.59999990       3.59999990       5.40000010       5.40000010       6.30000019       7.19999981       8.10000038       9.00000000    
   0.00000000       3.59999990       3.59999990       3.59999990       3.59999990       6.30000019       6.30000019       6.30000019       7.19999981       8.10000038       9.00000000    
   0.00000000       6.30000019       6.30000019       6.30000019       6.30000019       6.30000019       6.30000019       6.30000019       7.19999981       8.10000038       9.00000000    
   0.00000000       7.19999981       7.19999981       7.19999981       7.19999981       7.19999981       7.19999981       7.19999981       7.19999981       8.10000038       9.00000000    
   0.00000000       8.10000038       8.10000038       8.10000038       8.10000038       8.10000038       8.10000038       8.10000038       8.10000038       8.10000038       9.00000000    
   0.00000000       9.00000000       9.00000000       9.00000000       9.00000000       9.00000000       9.00000000       9.00000000       9.00000000       9.00000000       9.00000000    
   0.00000000       9.00000000       9.00000000       9.00000000       9.00000000       9.00000000       9.00000000       9.00000000       9.00000000       9.00000000       9.00000000    
   0.00000000       9.00000000       9.00000000       9.00000000       9.00000000       9.00000000       9.00000000       9.00000000       9.00000000       9.00000000       9.00000000    
   0.00000000       9.00000000       9.00000000       9.00000000       9.00000000       9.00000000       9.00000000       9.00000000       9.00000000       9.00000000       9.00000000    

    0.000000,     9.000000,     9.000000,     9.000000,     9.000000,     9.000000,     9.000000,     9.000000,     9.000000,     9.000000,     9.000000, 